barcode,count
CGTGTACCCTTCAGCA,20662
GAGGGGTAGAGATACG,18806
TTGGGGAACGGGAAGC,16506
ACCAGCAATGAGTTGT,14163
TTACGAATTTGATTCC,13474
CTATATTGCCCGGAAG,13404
ACCGAATGAATCATCC,13059
CGGACCCTAGATGGTA,12958
GTACAAACCTGCAAAT,12663
ATTCCGAATGGGGTAG,12620
CAGAACCTCGTTGTCT,12216
TCCAGCGCGGTAAGAG,12018
TCATGGGTGTACGAGA,11968
AGCATAGGGATATGTG,11934
ACTGTCTAGAAATTTT,11233
CAATTAGAAATACATA,11134
TCTTATTAGGCGGCAT,11129
CCCTGCGCGGCTCGGG,10989
CAAATGCTGCATTAGG,10794
AACAGAAGTCCATGTA,10730
GAGAGCTGCAGAAGCG,10583
AGAAAATCTCAGATAC,10413
AACCACCGAGTGACCG,10313
AAAAAATTTATGACAA,10304
CTTAGGTATTATATGC,9939
CCTTGATGCATTCCCG,9831
AGTGTTGAATAGGCGA,9772
CTATTTAACAGACGTA,9609
AGTCGTTTAGATAGTT,9452
CTGAACTTATCTGTGG,9412
TATGTCGTATCCACAG,9259
TACCCTGCAAGCCACT,9240
CTAATTTAAGTATCAA,8959
AAGCGGTGATGTGATT,8933
AATCGCTGGCACCCGT,8691
TTTATATCCAACACCA,8689
TCGTCCGTTGGGAACT,8491
ACGTGTCTCCGAGCAA,8275
GAATAATAGAACAGAG,8136
GTCAAGTTACGGATGG,7955
AACTTCCCTGACTGCT,7869
GATCGCCATCGACTTC,7796
GTAAGCAAAGTTGACC,7727
TTTCGTGATACTCACA,7584
AAACCCATAAGACCCC,7468
GCCAGCTCGTATCCCT,7390
ACGTATGATTTTCGAG,7387
CATGTGGAGCCCAACA,7373
CCTGGGTTAAGTTGTG,7353
TTATCTGTAGAGCGCT,7265
ATTATCATATCTAATA,7063
AGTTGGGGTCTCCCTT,7045
AGCATCTAACAGATAG,6963
CCAACACAAAAAATTA,6858
GATCTTGGGGAGAGTC,6842
AACGGTTCCGACTAAG,6823
TACTGATAACCCTGCG,6739
CTAGCACAGCGTAGGC,6731
ATATAAAAAACTTAGT,6723
CGGGAAATGTAAATGA,6615
AGGCCCGTAAGGACTA,6454
CAGGCTCTAGAGCTCT,6441
TTGTATCAGTCGCGCC,6437
TTTCAGCGTTGTTTTG,6400
GAAGTGCGTATTGAGT,6284
CTTCGGCTCTTGATTA,6239
CCCTATGAAATAAGCT,6210
AGTGTTGGCTTGGTTA,6085
TAGCATTGTCGGAAAG,6001
ACAATCTGAACCATAC,5981
ATTAGGGCTACGTGAG,5906
CTGAGGGATTCAACTC,5861
TCGTCGCACTACTGCT,5632
TTCTGTCCAGACTCGT,5594
AGGAAAGAAACTGGAG,5555
ATAACGTTTGTGCAAA,5526
TGACAACAATACAAAT,5517
AACGACAAACAGTAAG,5482
CACCATCAGCACCTAG,5414
ATTAGATTATAACGTA,5369
CGTTCAGCGATAACGG,5347
AAGAAGACTTTGTGAT,5184
CATGGGAATTGCCACT,5086
CTATCTTAATCTACAG,4994
AATGAAACAATCGAAC,4975
TTGCTCCTGAGTAGTA,4946
CTGAGCTGCCAATAAG,4926
ACTACGAGGCTACGTA,4907
AAGAAGCTATAGAAGT,4825
GCAAACAGTGTAGTTG,4811
GCATCCTCAACTCCTA,4773
GACGGGATGGGCACGT,4683
ATAGGATATATGGCTG,4622
CGGTCGGGACTCATCT,4579
ACAAGATTCGGGGGAC,4575
CGAAAACATTACAAAT,4568
AACCTACGAGACGTAA,4567
CATTTCTGATGAATTG,4567
CATACAGAGTTTGTTG,4562
AACTGCGTTCATCGAT,4559
GTGAGCGAGAAAAGCA,4513
AGGAGTATGAAGAGCG,4373
TGATCTTTTACATTTA,4343
CTGTACCTGCAGTTGA,4250
CGCACTTTACGAGACA,4239
TTGCAATTGAAACATA,4194
GTCGCATCCTGGAATG,4151
TGTTGTAATCTGAATA,4101
GCAACGAGGTGTAACC,4019
ACATTTTCCAATAGGT,4018
CCCCTCCTCTAAAGTT,3998
TACATACCGACGCAGT,3995
TACTAATGCCGTTGTC,3955
CGTACAGTGTAATCGA,3953
ATTTTTCTATGGCTAC,3915
GAAAGCCCCGTGCAAT,3848
AGTATTTGCGCTTCAA,3768
CGGGAATCTCCCATAC,3735
AGCTGAATTAAGTATG,3705
GTTGCTCCGACACGCC,3704
GAAGTACGCTGAATGA,3665
AAGTTAGTAGACCCAC,3659
CGGGAACATACATAAC,3570
GTAGAACTGCGGCCCC,3547
GCCATTTACTGAAGGG,3468
TACCAATGTCATTTGA,3414
AGCCCATGCTGGGGAT,3396
CTTTTCTAGTACGCTT,3312
ACCGTTGTACACACCA,3289
CGAACCGCAGACACGT,3264
TGTGGAGCGCCCTTAC,3262
TGTAATAGGCGTCACA,3190
ATACACGCATGTGCCA,3181
CTTTAAATTATAGTCT,3138
GTCGCCGCTAATCCGA,3115
TACCTGCTGCGGAACG,3100
AAGATTGATTGAAGTT,3099
TCGATTACTAGCCGGA,3063
CAAAATCTACGGCGAC,3040
TTTCACAGAACCTATC,3020
GAAGTGCTGCTGAAGT,2937
GTTATTATGACTTCAT,2895
TCTGGAAACGATCCCC,2892
CTCAATGTCGTAGGAT,2879
AAGGGGCCTCATAATG,2871
TCAATCGGGGGCTAAA,2861
TGAGTTCATAGCTCCA,2858
ACGGGGATTGGCTGTT,2847
ACGCAAATAGACCGAA,2830
ACTCTGGCTCGCTAAT,2728
GGTTAACTTTGGAAGC,2713
GAAGAAACTATAACCA,2676
CGGCCAGGGAATCAAA,2597
CTATAAACCGTTTGTA,2529
TAAAAAGCCTCCATGA,2500
CGCAGCATTGGTCGCC,2489
GTAGATACTAGGACCA,2485
TGGTCCGCTTCATGCT,2482
AAGTTAAGAGAAAGTT,2420
ATGGCCCACGGGCATA,2417
TTCATCAAGTTGGTGC,2365
GCAGCGTGCCGGTCAT,2352
AAAGACCTTTAACTCT,2298
TCTTAGAGTGAACGAT,2240
CTGAACTTGTCGATAT,2214
AAATTCACAATATCCA,2194
AAGTATTGCTACACAT,2148
GCCTTTGCGCGCAGTC,2127
AAAGCTCTTTTCGTTC,2106
CCCTTTACGGATCTCT,2094
AACTTCCGTCGCCTGA,2062
AGTTCCATAGGCATGG,2021
GTAAGCTTCATGGAGT,1944
TACTAGCAATAAAATC,1729
CGTTTTTGGTTCGAGG,1718
AGATCCCAGGTCCTTT,1673
TCCACACCCCTAGCTA,1673
CAGATAGTGATGAACA,1654
CATAAAAGACTGTATA,1636
ACAAAGTCTCGAGAAG,1589
GCATGGAACTAACTCC,1548
AAAGGCGCGCCTTCAA,1529
TTGACTCACCGAATAA,1513
ATGGGATTGGAGAAAC,1505
TGATCTGTGACATTGC,1471
AGGACTATAGTTGGCA,1355
TGGAATCGTCACCGAT,1332
CGGGGACAAGATTGTA,1318
CTCCTAGGGGACGATT,1313
TATCCAAGGGACGGAC,1300
AGCTCCTGGGGTATCA,1283
TCCCCGTGGTTTGACA,1259
TTGAAAAAATCATAAA,1250
AGACCGCCAGTTTCGT,1227
ACACGGGTTGGCTGTA,1226
TAATAAGCCAGCAAGA,1217
TGTTGAGCCAGTCTGA,1201
CGCGACACCCTTCCGG,1163
AGTAAACATGCATTGG,1100
GATCACGCAGAAAAAG,1097
CGTACGTATGTCCCAG,1083
ATTTACTCATTATACG,1082
GTGCGATTGTCCGGAA,1077
CACAGACAATAAAAAA,1075
GTACCCAGTTCCTGCG,1050
TCACGACTCGACTAAC,1045
TGCAGTGGTATACATA,1045
GATCGCCACTGATAAG,1041
TAACGTGATTTCTCGA,1018
AACCACCCCAGAGATG,1012
TCTTGACATAGCGATG,983
TCGAACGAAGTAGGAG,974
ATAGAATCGCAAATTA,966
TATTCCTAACTAGCGA,944
TCTAACTCTCGCGGCA,943
ATTTAAATTCGAGGAC,938
CGATCTTTACGAAAAA,934
CACCTAGGATCGCACT,911
ACAGTCCACCATTGAG,906
GAAAGTCCCTATGATG,896
CACCGCGCCGAGCACC,863
CTTACAGAATACTAGA,853
CAAAAGCAGCACGATA,837
AGAGCTAAAAAGAGGA,832
GTAATTCGCATGCGGA,829
AACCGTACCGCGTTTA,827
TCTTAGTCCTCGTATG,824
CCCCCGCTGTTTAAAA,820
TTGGGCACTAAATTAA,791
GTGGTATCAAGCCGGG,785
ACCGATTCACGAATAA,782
CATTGAGACGCGCAAG,755
AGCGACATCGCCCTTT,742
AAGCCCAGCGGGTGAT,735
TGCGGTGGTCGATCCG,716
AAGGTCCCTATGTAAT,703
CCAAGCTTGGCGCATC,702
CTGGAGGCCTGGCCCC,700
ATACACGAGGTTGTGA,690
TCTTTACCACTGCATC,679
ATAGAAAATTATCCGC,675
GAGGGGATACGTCACC,659
TCGCTTCAACTAAAAA,639
GCGAAGTTTCATAGCG,626
GTCCGTCAGCATAAAC,613
AGACCATCGCACCCAA,601
TATTAAGAGAAGTGCG,573
AGGTTCAGACTCTTGC,568
TGCTATTCCGGCGCGG,562
ATAACTGAGGGCATTG,558
CCGCATTAGCGGGAGG,555
AATTCGTGAGTACTAG,551
CCGGATAAATCAGAAC,551
AACACGTAGAACCGCC,530
TATATTAGTAACATAA,516
CGACTCCACGGACGCC,511
CAATTCGCCGTTCCCC,502
CGTTAACGGCCTATCC,495
ACGTCCATTAAGATCA,493
GCCGCTGCGGCGTGTG,487
GACAAAAGGGACATAT,480
TCTCAGCTCTTAGCCG,458
CCGCGCACGTTTAGAG,455
ATGGTTTTACGTCCAT,398
ATCAGGATAATCGCGC,385
GAAATCCCCAAATAAC,380
ATCCGATTTAAAGGCA,378
AATGCGAGCATGTCAA,377
TGTCCGGATAAAGTAG,367
CGAAACACGTCCCAGT,363
CTCAAATAATTGGCGC,355
CACGGCCGGCGAACTC,353
CGTGACCCCCTCCAAC,345
AGATCCACCCTATAGT,344
ACCCCCGGAGCTTGGC,333
CACGGGCTAATGTCTC,329
TAGCTGATAGTAACTC,325
AAAGTAGCAGAGGATT,322
TTAATGTAGCCGCTCC,307
GACCCCTTGTAAGATG,288
ACAGTACGATCTACGC,279
CACTAGATGTACAGTC,258
TTTATATCGAGATTCA,256
TCGAGTTAATATGCGC,217
GAGCTTGCTATGGATC,213
CTTACTGCGCGAGAGT,208
AGTTTTTATAACTTGC,203
GCCGGCGTTAGTGTCA,185
TACAAGAGAGGGGTCC,179
GTGCATCCTAGTGACG,163
AAATGTTTAATAGACG,152
CACCAATCTTCGAACT,144
CCTTTCTCAAAACATA,98
AGTCCTATCCTCAAAT,71
GATTCAGATGCCCACC,68
CTCTTACGCTCCTACG,33
