barcode,count
TTGGGGAACGGGAAGC,25396
TTTATATCCAACACCA,25179
CGTGTACCCTTCAGCA,23343
GAGGGGTAGAGATACG,22610
GTACAAACCTGCAAAT,19716
CCCTGCGCGGCTCGGG,19476
AACCACCGAGTGACCG,18487
CAATTAGAAATACATA,18025
AAAAAATTTATGACAA,17631
TACCCTGCAAGCCACT,17095
CTATATTGCCCGGAAG,15408
CAGAACCTCGTTGTCT,15246
CGGACCCTAGATGGTA,14624
AATCGCTGGCACCCGT,14460
ATTCCGAATGGGGTAG,14368
TCCAGCGCGGTAAGAG,13924
TCATGGGTGTACGAGA,13692
CTTAGGTATTATATGC,13673
ACCGAATGAATCATCC,13588
ACCAGCAATGAGTTGT,13567
TATGTCGTATCCACAG,13563
AGTGTTGAATAGGCGA,13441
CAAATGCTGCATTAGG,13159
AGCATCTAACAGATAG,13127
TTACGAATTTGATTCC,13036
GTAAGCAAAGTTGACC,12811
GAAGTGCTGCTGAAGT,12762
TTATCTGTAGAGCGCT,12742
CTGAACTTATCTGTGG,12688
GTACCCAGTTCCTGCG,12542
AGAAAATCTCAGATAC,12529
GAAGAAACTATAACCA,12395
CCTTGATGCATTCCCG,11793
GCATGGAACTAACTCC,11642
CCCTATGAAATAAGCT,11442
GATCTTGGGGAGAGTC,11423
GTCGCCGCTAATCCGA,11271
CTAGCACAGCGTAGGC,11172
TCTTATTAGGCGGCAT,11062
TTCATCAAGTTGGTGC,10850
AGCATAGGGATATGTG,10766
ACTGTCTAGAAATTTT,10498
ACAATCTGAACCATAC,10234
CTATTTAACAGACGTA,10065
GATCGCCATCGACTTC,9941
ACGTGTCTCCGAGCAA,9646
ATGGGATTGGAGAAAC,9543
CGGGAAATGTAAATGA,9482
GTCGCATCCTGGAATG,9448
CAGGCTCTAGAGCTCT,9355
AACAGAAGTCCATGTA,9335
AAGGGGCCTCATAATG,9243
CCTGGGTTAAGTTGTG,9200
CTAATTTAAGTATCAA,9116
AAACCCATAAGACCCC,9068
GCAAACAGTGTAGTTG,9008
AACGACAAACAGTAAG,8884
ACACGGGTTGGCTGTA,8865
AGTCGTTTAGATAGTT,8666
AGTTGGGGTCTCCCTT,8604
CCAACACAAAAAATTA,8583
GTGGTATCAAGCCGGG,8433
GAGAGCTGCAGAAGCG,8337
CGCGACACCCTTCCGG,8189
TTGTATCAGTCGCGCC,8062
AAGCGGTGATGTGATT,7958
GTAGAACTGCGGCCCC,7860
ATTTTTCTATGGCTAC,7821
TCGATTACTAGCCGGA,7764
GTGCGATTGTCCGGAA,7761
TAGCATTGTCGGAAAG,7719
CTGAGGGATTCAACTC,7507
ATATAAAAAACTTAGT,7504
AACGGTTCCGACTAAG,7462
TAACGTGATTTCTCGA,7368
CATACAGAGTTTGTTG,7305
CATGTGGAGCCCAACA,7213
GTCAAGTTACGGATGG,7212
ACGTATGATTTTCGAG,7090
AGGTTCAGACTCTTGC,6979
ACAAGATTCGGGGGAC,6975
GGTTAACTTTGGAAGC,6888
AATGAAACAATCGAAC,6851
TCTTTACCACTGCATC,6704
CTGAGCTGCCAATAAG,6693
TGATCTTTTACATTTA,6669
CTATCTTAATCTACAG,6530
GAATAATAGAACAGAG,6494
ACAGTCCACCATTGAG,6414
TGGTCCGCTTCATGCT,6331
TCGTCGCACTACTGCT,6316
ATTATCATATCTAATA,6311
AACTTCCCTGACTGCT,6239
TTGAAAAAATCATAAA,6237
AATTCGTGAGTACTAG,6234
ATAGGATATATGGCTG,6216
ACGCAAATAGACCGAA,6145
CATGGGAATTGCCACT,6100
CTTCGGCTCTTGATTA,6045
TCGTCCGTTGGGAACT,6024
TTTCAGCGTTGTTTTG,5994
TCTTGACATAGCGATG,5942
CTTACAGAATACTAGA,5914
GCCAGCTCGTATCCCT,5776
ATTTAAATTCGAGGAC,5770
GCATCCTCAACTCCTA,5763
ATAGAATCGCAAATTA,5749
TCTTAGTCCTCGTATG,5733
TTGCTCCTGAGTAGTA,5715
TAATAAGCCAGCAAGA,5705
ACAAAGTCTCGAGAAG,5669
TTTCGTGATACTCACA,5664
CCGGATAAATCAGAAC,5621
TCGAACGAAGTAGGAG,5598
AACCTACGAGACGTAA,5566
TGCAGTGGTATACATA,5532
ACTACGAGGCTACGTA,5506
ATAACGTTTGTGCAAA,5481
CACCATCAGCACCTAG,5465
CTGTACCTGCAGTTGA,5438
CGAAAACATTACAAAT,5427
AAGAAGACTTTGTGAT,5422
ACGTCCATTAAGATCA,5359
CGGTCGGGACTCATCT,5323
TTCTGTCCAGACTCGT,5302
CTGGAGGCCTGGCCCC,5267
TGCTATTCCGGCGCGG,5244
CTTTAAATTATAGTCT,5178
CCAAGCTTGGCGCATC,5147
TACCAATGTCATTTGA,5145
GAAGTGCGTATTGAGT,5134
AGCTCCTGGGGTATCA,5117
AAAGCTCTTTTCGTTC,5033
TACTGATAACCCTGCG,5010
CGAACCGCAGACACGT,4948
TGTGGAGCGCCCTTAC,4940
TGTAATAGGCGTCACA,4893
AGGAGTATGAAGAGCG,4887
TACTAATGCCGTTGTC,4884
CGTACAGTGTAATCGA,4865
TCTAACTCTCGCGGCA,4825
GCAACGAGGTGTAACC,4803
TGGAATCGTCACCGAT,4760
ATTAGATTATAACGTA,4734
CATTTCTGATGAATTG,4721
TACTAGCAATAAAATC,4672
AGGAAAGAAACTGGAG,4657
TGAGTTCATAGCTCCA,4597
AAGAAGCTATAGAAGT,4578
AGGCCCGTAAGGACTA,4576
GTGAGCGAGAAAAGCA,4454
AAGTATTGCTACACAT,4430
TCTTAGAGTGAACGAT,4423
CGCAGCATTGGTCGCC,4354
ATTAGGGCTACGTGAG,4343
CATTGAGACGCGCAAG,4326
GAAAGTCCCTATGATG,4296
GCCTTTGCGCGCAGTC,4294
CGTTCAGCGATAACGG,4293
TTGGGCACTAAATTAA,4291
CTTTTCTAGTACGCTT,4287
TTGCAATTGAAACATA,4242
AGTGTTGGCTTGGTTA,4218
AGATCCCAGGTCCTTT,4195
AGCTGAATTAAGTATG,4189
GACAAAAGGGACATAT,4148
TATTAAGAGAAGTGCG,4124
AACACGTAGAACCGCC,3997
AAGTTAGTAGACCCAC,3914
TCCCCGTGGTTTGACA,3879
CGGGAACATACATAAC,3871
CAAAATCTACGGCGAC,3864
CACCTAGGATCGCACT,3854
AGTTCCATAGGCATGG,3836
TGACAACAATACAAAT,3782
GTAGATACTAGGACCA,3780
GCCTAAAGGATCATGA,3776
ACATTTTCCAATAGGT,3763
CGCACTTTACGAGACA,3745
CACGGCCGGCGAACTC,3669
ACGGGGATTGGCTGTT,3635
GAAGTACGCTGAATGA,3627
GCGAAGTTTCATAGCG,3619
CGGGAATCTCCCATAC,3614
AATGCGAGCATGTCAA,3574
ACCGATTCACGAATAA,3570
ACTCTGGCTCGCTAAT,3547
GACGGGATGGGCACGT,3546
ACCCCCGGAGCTTGGC,3522
AGTAAACATGCATTGG,3510
TCGCTTCAACTAAAAA,3509
GTTATTATGACTTCAT,3457
GTTGCTCCGACACGCC,3424
TTTATATCGAGATTCA,3408
TACCTGCTGCGGAACG,3394
TGTTGAGCCAGTCTGA,3381
ATTTACTCATTATACG,3377
AAGATTGATTGAAGTT,3371
ATACACGCATGTGCCA,3366
TAAAAAGCCTCCATGA,3364
ATACACGAGGTTGTGA,3320
GATCACGCAGAAAAAG,3301
GTAATTCGCATGCGGA,3279
AGGACTATAGTTGGCA,3258
TTTCACAGAACCTATC,3193
ATCAGGATAATCGCGC,3152
TCTGGAAACGATCCCC,3142
GACCCCTTGTAAGATG,3133
CGACTCCACGGACGCC,3121
TCCACACCCCTAGCTA,3114
CTCAAATAATTGGCGC,3093
CAAAAGCAGCACGATA,3079
TGTTGTAATCTGAATA,3078
GAGGGGATACGTCACC,3040
GCAGCGTGCCGGTCAT,3009
GAAAGCCCCGTGCAAT,2966
AAGTTAAGAGAAAGTT,2965
ACCGTTGTACACACCA,2914
CCCCTCCTCTAAAGTT,2903
TATACTCACGGAGGAT,2883
CACTAGATGTACAGTC,2874
TAGCTGATAGTAACTC,2846
AGTATTTGCGCTTCAA,2836
AACCGTACCGCGTTTA,2830
CACGGGCTAATGTCTC,2829
CTATAAACCGTTTGTA,2828
ACAGTACGATCTACGC,2737
CGGGGACAAGATTGTA,2727
ATAGAAAATTATCCGC,2717
TGCGGTGGTCGATCCG,2711
AACTGCGTTCATCGAT,2640
CGTGACCCCCTCCAAC,2575
AGATCCACCCTATAGT,2536
CTGAACTTGTCGATAT,2522
TCAATCGGGGGCTAAA,2506
AAGGTCCCTATGTAAT,2500
CGGCCAGGGAATCAAA,2491
CCCTTTACGGATCTCT,2422
AGCCCATGCTGGGGAT,2414
ATAACTGAGGGCATTG,2389
CAGATAGTGATGAACA,2363
ATGGCCCACGGGCATA,2353
TACATACCGACGCAGT,2307
AAATTCACAATATCCA,2305
AAAGGCGCGCCTTCAA,2276
CTCAATGTCGTAGGAT,2226
TCACGACTCGACTAAC,2223
TATCCAAGGGACGGAC,2148
CGTTTTTGGTTCGAGG,2141
TGATCTGTGACATTGC,2122
GCCATTTACTGAAGGG,2101
GAGCTTGCTATGGATC,2083
AACTTCCGTCGCCTGA,1964
AAAGACCTTTAACTCT,1929
CGAAACACGTCCCAGT,1891
TCGAGTTAATATGCGC,1824
TATATTAGTAACATAA,1816
GAAATCCCCAAATAAC,1660
CACCGCGCCGAGCACC,1598
TGTCCGGATAAAGTAG,1558
AGACCGCCAGTTTCGT,1544
TTGACTCACCGAATAA,1539
CATAAAAGACTGTATA,1525
AGAGCTAAAAAGAGGA,1499
ATGGTTTTACGTCCAT,1470
CACAGACAATAAAAAA,1467
GTAAGCTTCATGGAGT,1459
CCCCCGCTGTTTAAAA,1426
AAGCCCAGCGGGTGAT,1421
GCAACAGTCCTAGCAA,1321
AAAGTAGCAGAGGATT,1269
CGTTAACGGCCTATCC,1249
GATCGCCACTGATAAG,1199
GCCGGCGTTAGTGTCA,1112
TATTCCTAACTAGCGA,1065
CACCAATCTTCGAACT,1063
ATCCGATTTAAAGGCA,1054
TACAAGAGAGGGGTCC,1038
CTCCTAGGGGACGATT,1019
CGATCTTTACGAAAAA,996
CGTACGTATGTCCCAG,949
TTAATGTAGCCGCTCC,946
GTGCATCCTAGTGACG,919
CTTACTGCGCGAGAGT,882
GATTCAGATGCCCACC,862
CCGCGCACGTTTAGAG,831
CAGTAGTTGTCATGGG,788
AACCACCCCAGAGATG,765
TCTCAGCTCTTAGCCG,717
AAATGTTTAATAGACG,710
AGACCATCGCACCCAA,658
CAATTCGCCGTTCCCC,621
AGTCCTATCCTCAAAT,608
AGCGACATCGCCCTTT,604
CTCTTACGCTCCTACG,588
AGTTTTTATAACTTGC,570
GCCGCTGCGGCGTGTG,552
CCTTTCTCAAAACATA,532
CCGCATTAGCGGGAGG,531
GTCCGTCAGCATAAAC,531
AGGTGGACGGGCATGG,483
GACACAGAACCCATGC,376
AATTTATCCGAGAGCG,292
CATGTGAATTCGCCCA,259
TATTAATACCTGGGAA,249
CCCTCCTCAAGGGTAA,210
AATCCGAAATTTATTC,161
CCCGGGACCAAAACTG,124
GCCTAAGCGTGGGCGG,116
AATTGAACGTCATACC,48
CCAATCCCAGCCTTTA,25
AAGGACCAAGCCTTCA,0
AAGTAAACATAGACGA,0
AATACACAGGATTGCA,0
AATCAAAAAAATCACC,0
AGAAGAAGTAATTGGC,0
AGACTAGGAAAGCGAA,0
ATACGAGATACAAATG,0
CACAACGCACAATTAT,0
CGAAGCTAGCCAAATA,0
CGTATTAACGTAACAC,0
CTAGTCACACGCACAC,0
GCTTGTCGCAAACAGC,0
GTCTCCTGACTAAAAA,0
TAGGCATCGCTGTGTC,0
TATATAAGCCTGTGAG,0
TCCGCACTGCGATCAC,0
TCGGAGCGTAAAGAAT,0
TTACTACACTTTGCAA,0
TTGCAAAAAGTTTTAG,0
TTGCATAGATGTAATC,0
